8 0 0
3 5 0
0 5 3
5 0 3
5 3 0
2 3 3
2 5 1
7 0 1
7 1 0
4 1 3
4 4 0

8 0 0
3 5 0
3 2 3
0 5 3
5 0 3
5 3 0
2 3 3
2 5 1
7 0 1
7 1 0
4 1 3
4 4 0

8 0 0
3 5 0
3 2 3
5 0 3
5 3 0
2 3 3
2 5 1
7 0 1
7 1 0
4 1 3
4 4 0

8 0 0
3 5 0
3 2 3
6 2 0
6 0 2
1 5 2
0 5 3
5 0 3
5 3 0
2 3 3
2 5 1
7 0 1
7 1 0
4 1 3
4 4 0

8 0 0
3 5 0
3 2 3
6 2 0
6 0 2
1 5 2
1 4 3
0 5 3
5 0 3
5 3 0
2 3 3
2 5 1
7 0 1
7 1 0
4 1 3
4 4 0

8 0 0
3 5 0
3 2 3
6 2 0
6 0 2
1 5 2
1 4 3
5 0 3
5 3 0
2 3 3
2 5 1
7 0 1
7 1 0
4 1 3
4 4 0

8 0 0
3 5 0
3 2 3
6 2 0
6 0 2
1 5 2
1 4 3
4 4 0

8 0 0
3 5 0
3 2 3
6 2 0
6 0 2
5 0 3
5 3 0
2 3 3
2 5 1
7 0 1
7 1 0
4 1 3
4 4 0

8 0 0
5 0 3
0 5 3
3 5 0
3 2 3
6 2 0
6 0 2
1 5 2
1 4 3
4 4 0

8 0 0
5 0 3
5 3 0
3 5 0
3 2 3
6 2 0
6 0 2
1 5 2
1 4 3
4 4 0

8 0 0
5 0 3
5 3 0
2 3 3
0 5 3
3 5 0
3 2 3
6 2 0
6 0 2
1 5 2
1 4 3
4 4 0

8 0 0
5 0 3
5 3 0
2 3 3
2 5 1
0 5 3
3 5 0
3 2 3
6 2 0
6 0 2
1 5 2
1 4 3
4 4 0

8 0 0
5 0 3
5 3 0
2 3 3
2 5 1
7 0 1
7 1 0
3 5 0
3 2 3
6 2 0
6 0 2
1 5 2
1 4 3
4 4 0

8 0 0
5 0 3
5 3 0
2 3 3
2 5 1
7 0 1
7 1 0
4 1 3
0 5 3
3 5 0
3 2 3
6 2 0
6 0 2
1 5 2
1 4 3
4 4 0

8 0 0
5 0 3
5 3 0
2 3 3
2 5 1
7 0 1
7 1 0
4 1 3
4 4 0

8 0 0
5 0 3
5 3 0
2 3 3
2 5 1
3 5 0
3 2 3
6 2 0
6 0 2
1 5 2
1 4 3
4 4 0

16
